-0.593107        104.810420
-0.584323        103.824908
-0.575400        102.840482
-0.565720        101.791516
-0.550090        100.139297
-0.541343         99.237022
-0.530340         98.124636
-0.520972         97.197425
-0.508490         95.990138
-0.497291         94.934298
-0.486904         93.978072
-0.475465         92.950518
-0.464371         91.979438
-0.453122         91.020320
-0.437705         89.747420
-0.428393         89.001695
-0.412519         87.770590
-0.398565         86.729961
-0.389751         86.092531
-0.379634         85.379836
-0.369055         84.656182
-0.358886         83.981297
-0.348458         83.310276
-0.337889         82.651774
-0.327340         82.016134
-0.315529         81.330021
-0.301771         80.564668
-0.285861         79.724862
-0.270586         78.963924
-0.260638         78.492180
-0.247415         77.894037
-0.237046         77.447990
-0.227345         77.048896
-0.218439         76.697933
-0.205736         76.222873
-0.194299         75.820728
-0.180577         75.369969
-0.170416         75.058452
-0.159577         74.746910
-0.143588         74.326288
-0.129644         73.997195
-0.120361         73.797459
-0.107190         73.540563
-0.092663         73.293017
-0.082587         73.143283
-0.071454         72.998659
-0.061923         72.892147
-0.051312         72.792250
-0.042297         72.722790
-0.024865         72.628439
-0.014245         72.596650
 0.009290         72.595044
 0.027130         72.656595
 0.036173         72.708323
 0.050606         72.819329
 0.068309         73.002988
 0.080981         73.166386
 0.093159         73.348365
 0.138533         74.239625
 0.171851         75.105358
 0.188741         75.611626
 0.198724         75.931984
 0.210611         76.333810
 0.219958         76.665258
 0.229558         77.019776
 0.238270         77.353842
 0.252488         77.924054
 0.264904         78.447349
 0.282841         79.244629
 0.294876         79.806817
 0.308295         80.459230
 0.319248         81.011658
 0.329093         81.523425
 0.338538         82.027795
 0.348099         82.551684
 0.362078         83.341742
 0.370899         83.854901
 0.382683         84.557985
 0.392884         85.182762
 0.403689         85.860785
 0.414096         86.529493
 0.424242         87.196213
 0.436245         88.003699
 0.446678         88.721981
 0.455701         89.355410
 0.464894         90.012336
 0.474014         90.675670
 0.483790         91.399299